function [a] = A(t,x)
try
	a = [0,1,0,0,0,0;
	0,0,1,0,0,0;
	0,0,0,0,0,(0.25*(2*x(6)+2.0))/((x(6)+1)^2+0.0000000001)^(1/2)-(0.25*(2*x(6)-2.0))/((x(6)-1)^2+0.0000000001)^(1/2);
	0,0,0,0,0,0;
	0,0,0,-1,0,0;
	0,0,0,0,-1,0];
catch
	errorAlertSystem;
end