function [dx] = Internal(t,x)

	 dx = zeros(30,1);
	 dx(1) = x(5)*(x(2)+2.0/(2*(1/2*(1/1000000*(x(3)^2+x(4)^2)^2+(x(3)+x(4))^2)^.5+1/2*(1/1000000*(x(3)^2+x(4)^2)^2+(x(3)-x(4))^2)^.5)^2+2*x(4)^2)^.5*(1/2*(1/1000000*(x(3)^2+x(4)^2)^2+(x(3)+x(4))^2)^.5+1/2*(1/1000000*(x(3)^2+x(4)^2)^2+(x(3)-x(4))^2)^.5)*(.2500000000/(1/1000000*(x(3)^2+x(4)^2)^2+(x(3)+x(4))^2)^.5*(1/250000*(x(3)^2+x(4)^2)*x(3)+2*x(3)+2*x(4))+.2500000000/(1/1000000*(x(3)^2+x(4)^2)^2+(x(3)-x(4))^2)^.5*(1/250000*(x(3)^2+x(4)^2)*x(3)+2*x(3)-2*x(4)))-1.0/((1/2*(1/1000000*(x(3)^2+x(4)^2)^2+(x(3)+x(4))^2)^.5+1/2*(1/1000000*(x(3)^2+x(4)^2)^2+(x(3)-x(4))^2)^.5)^2)^.5*(1/2*(1/1000000*(x(3)^2+x(4)^2)^2+(x(3)+x(4))^2)^.5+1/2*(1/1000000*(x(3)^2+x(4)^2)^2+(x(3)-x(4))^2)^.5)*(.2500000000/(1/1000000*(x(3)^2+x(4)^2)^2+(x(3)+x(4))^2)^.5*(1/250000*(x(3)^2+x(4)^2)*x(3)+2*x(3)+2*x(4))+.2500000000/(1/1000000*(x(3)^2+x(4)^2)^2+(x(3)-x(4))^2)^.5*(1/250000*(x(3)^2+x(4)^2)*x(3)+2*x(3)-2*x(4))));
	 dx(2) = x(5)*(-1.5*x(1)-0.25*x(2)+.5/(2*(1/2*(1/1000000*(x(3)^2+x(4)^2)^2+(x(3)+x(4))^2)^.5+1/2*(1/1000000*(x(3)^2+x(4)^2)^2+(x(3)-x(4))^2)^.5)^2+2*x(4)^2)^.5*(4*(1/2*(1/1000000*(x(3)^2+x(4)^2)^2+(x(3)+x(4))^2)^.5+1/2*(1/1000000*(x(3)^2+x(4)^2)^2+(x(3)-x(4))^2)^.5)*(.2500000000/(1/1000000*(x(3)^2+x(4)^2)^2+(x(3)+x(4))^2)^.5*(1/250000*(x(3)^2+x(4)^2)*x(4)+2*x(3)+2*x(4))+.2500000000/(1/1000000*(x(3)^2+x(4)^2)^2+(x(3)-x(4))^2)^.5*(1/250000*(x(3)^2+x(4)^2)*x(4)-2*x(3)+2*x(4)))+4*x(4))-1.0/((1/2*(1/1000000*(x(3)^2+x(4)^2)^2+(x(3)+x(4))^2)^.5+1/2*(1/1000000*(x(3)^2+x(4)^2)^2+(x(3)-x(4))^2)^.5)^2)^.5*(1/2*(1/1000000*(x(3)^2+x(4)^2)^2+(x(3)+x(4))^2)^.5+1/2*(1/1000000*(x(3)^2+x(4)^2)^2+(x(3)-x(4))^2)^.5)*(.2500000000/(1/1000000*(x(3)^2+x(4)^2)^2+(x(3)+x(4))^2)^.5*(1/250000*(x(3)^2+x(4)^2)*x(4)+2*x(3)+2*x(4))+.2500000000/(1/1000000*(x(3)^2+x(4)^2)^2+(x(3)-x(4))^2)^.5*(1/250000*(x(3)^2+x(4)^2)*x(4)-2*x(3)+2*x(4))));
	 dx(3) = -x(5)*(-1.5*x(4));
	 dx(4) = -x(5)*(x(3)-0.25*x(4));
	 dx(5) = 0;
	 dx(6) = x(5)*x(7)+x(10)*(x(2)+((((x(3)^2+x(4)^2)^2/1000000+(x(3)+x(4))^2)^(1/2)+((x(3)-x(4))^2+(x(3)^2+x(4)^2)^2/1000000)^(1/2))*((x(3)/2+x(4)/2+(x(3)*(x(3)^2+x(4)^2))/1000000)/((x(3)^2+x(4)^2)^2/1000000+(x(3)+x(4))^2)^(1/2)+(x(3)/2-x(4)/2+(x(3)*(x(3)^2+x(4)^2))/1000000)/((x(3)-x(4))^2+(x(3)^2+x(4)^2)^2/1000000)^(1/2)))/(2*(((x(3)^2+x(4)^2)^2/1000000+(x(3)+x(4))^2)^(1/2)/2+((x(3)-x(4))^2+(x(3)^2+x(4)^2)^2/1000000)^(1/2)/2)^2+2*x(4)^2)^(1/2)-(((x(3)/2+x(4)/2+(x(3)*(x(3)^2+x(4)^2))/1000000)/((x(3)^2+x(4)^2)^2/1000000+(x(3)+x(4))^2)^(1/2)+(x(3)/2-x(4)/2+(x(3)*(x(3)^2+x(4)^2))/1000000)/((x(3)-x(4))^2+(x(3)^2+x(4)^2)^2/1000000)^(1/2))*(((x(3)^2+x(4)^2)^2/1000000+(x(3)+x(4))^2)^(1/2)/2+((x(3)-x(4))^2+(x(3)^2+x(4)^2)^2/1000000)^(1/2)/2))/((((x(3)^2+x(4)^2)^2/1000000+(x(3)+x(4))^2)^(1/2)/2+((x(3)-x(4))^2+(x(3)^2+x(4)^2)^2/1000000)^(1/2)/2)^2)^(1/2))-x(5)*x(9)*(((((x(3)^2+x(4)^2)^2/1000000+(x(3)+x(4))^2)^(1/2)/2+((x(3)-x(4))^2+(x(3)^2+x(4)^2)^2/1000000)^(1/2)/2)*(((x(3)*x(4))/500000+1/2)/((x(3)^2+x(4)^2)^2/1000000+(x(3)+x(4))^2)^(1/2)+((x(3)*x(4))/500000-1/2)/((x(3)-x(4))^2+(x(3)^2+x(4)^2)^2/1000000)^(1/2)-((2*x(3)+2*x(4)+(x(4)*(x(3)^2+x(4)^2))/250000)*(x(3)/4+x(4)/4+(x(3)*(x(3)^2+x(4)^2))/2000000))/((x(3)^2+x(4)^2)^2/1000000+(x(3)+x(4))^2)^(3/2)-((2*x(4)-2*x(3)+(x(4)*(x(3)^2+x(4)^2))/250000)*(x(3)/4-x(4)/4+(x(3)*(x(3)^2+x(4)^2))/2000000))/((x(3)-x(4))^2+(x(3)^2+x(4)^2)^2/1000000)^(3/2)))/((((x(3)^2+x(4)^2)^2/1000000+(x(3)+x(4))^2)^(1/2)/2+((x(3)-x(4))^2+(x(3)^2+x(4)^2)^2/1000000)^(1/2)/2)^2)^(1/2)-(((x(3)/2+x(4)/2+(x(4)*(x(3)^2+x(4)^2))/1000000)/((x(3)^2+x(4)^2)^2/1000000+(x(3)+x(4))^2)^(1/2)+(x(4)/2-x(3)/2+(x(4)*(x(3)^2+x(4)^2))/1000000)/((x(3)-x(4))^2+(x(3)^2+x(4)^2)^2/1000000)^(1/2))*((2*(x(3)/2+x(4)/2+(x(3)*(x(3)^2+x(4)^2))/1000000))/((x(3)^2+x(4)^2)^2/1000000+(x(3)+x(4))^2)^(1/2)+(2*(x(3)/2-x(4)/2+(x(3)*(x(3)^2+x(4)^2))/1000000))/((x(3)-x(4))^2+(x(3)^2+x(4)^2)^2/1000000)^(1/2)))/(2*(((x(3)^2+x(4)^2)^2/1000000+(x(3)+x(4))^2)^(1/2)/2+((x(3)-x(4))^2+(x(3)^2+x(4)^2)^2/1000000)^(1/2)/2)^2+2*x(4)^2)^(1/2)+(((x(3)/2+x(4)/2+(x(3)*(x(3)^2+x(4)^2))/1000000)/((x(3)^2+x(4)^2)^2/1000000+(x(3)+x(4))^2)^(1/2)+(x(3)/2-x(4)/2+(x(3)*(x(3)^2+x(4)^2))/1000000)/((x(3)-x(4))^2+(x(3)^2+x(4)^2)^2/1000000)^(1/2))*((x(3)/2+x(4)/2+(x(4)*(x(3)^2+x(4)^2))/1000000)/((x(3)^2+x(4)^2)^2/1000000+(x(3)+x(4))^2)^(1/2)+(x(4)/2-x(3)/2+(x(4)*(x(3)^2+x(4)^2))/1000000)/((x(3)-x(4))^2+(x(3)^2+x(4)^2)^2/1000000)^(1/2)))/((((x(3)^2+x(4)^2)^2/1000000+(x(3)+x(4))^2)^(1/2)/2+((x(3)-x(4))^2+(x(3)^2+x(4)^2)^2/1000000)^(1/2)/2)^2)^(1/2)-((((x(3)^2+x(4)^2)^2/1000000+(x(3)+x(4))^2)^(1/2)+((x(3)-x(4))^2+(x(3)^2+x(4)^2)^2/1000000)^(1/2))*(((x(3)*x(4))/500000+1/2)/((x(3)^2+x(4)^2)^2/1000000+(x(3)+x(4))^2)^(1/2)+((x(3)*x(4))/500000-1/2)/((x(3)-x(4))^2+(x(3)^2+x(4)^2)^2/1000000)^(1/2)-((2*x(3)+2*x(4)+(x(4)*(x(3)^2+x(4)^2))/250000)*(x(3)/4+x(4)/4+(x(3)*(x(3)^2+x(4)^2))/2000000))/((x(3)^2+x(4)^2)^2/1000000+(x(3)+x(4))^2)^(3/2)-((2*x(4)-2*x(3)+(x(4)*(x(3)^2+x(4)^2))/250000)*(x(3)/4-x(4)/4+(x(3)*(x(3)^2+x(4)^2))/2000000))/((x(3)-x(4))^2+(x(3)^2+x(4)^2)^2/1000000)^(3/2)))/(2*(((x(3)^2+x(4)^2)^2/1000000+(x(3)+x(4))^2)^(1/2)/2+((x(3)-x(4))^2+(x(3)^2+x(4)^2)^2/1000000)^(1/2)/2)^2+2*x(4)^2)^(1/2)-(((x(3)/2+x(4)/2+(x(3)*(x(3)^2+x(4)^2))/1000000)/((x(3)^2+x(4)^2)^2/1000000+(x(3)+x(4))^2)^(1/2)+(x(3)/2-x(4)/2+(x(3)*(x(3)^2+x(4)^2))/1000000)/((x(3)-x(4))^2+(x(3)^2+x(4)^2)^2/1000000)^(1/2))*((x(3)/2+x(4)/2+(x(4)*(x(3)^2+x(4)^2))/1000000)/((x(3)^2+x(4)^2)^2/1000000+(x(3)+x(4))^2)^(1/2)+(x(4)/2-x(3)/2+(x(4)*(x(3)^2+x(4)^2))/1000000)/((x(3)-x(4))^2+(x(3)^2+x(4)^2)^2/1000000)^(1/2))*(((x(3)^2+x(4)^2)^2/1000000+(x(3)+x(4))^2)^(1/2)/2+((x(3)-x(4))^2+(x(3)^2+x(4)^2)^2/1000000)^(1/2)/2)^2)/((((x(3)^2+x(4)^2)^2/1000000+(x(3)+x(4))^2)^(1/2)/2+((x(3)-x(4))^2+(x(3)^2+x(4)^2)^2/1000000)^(1/2)/2)^2)^(3/2)+((4*x(4)+((x(3)/2+x(4)/2+(x(4)*(x(3)^2+x(4)^2))/1000000)/((x(3)^2+x(4)^2)^2/1000000+(x(3)+x(4))^2)^(1/2)+(x(4)/2-x(3)/2+(x(4)*(x(3)^2+x(4)^2))/1000000)/((x(3)-x(4))^2+(x(3)^2+x(4)^2)^2/1000000)^(1/2))*(2*((x(3)^2+x(4)^2)^2/1000000+(x(3)+x(4))^2)^(1/2)+2*((x(3)-x(4))^2+(x(3)^2+x(4)^2)^2/1000000)^(1/2)))*((x(3)/2+x(4)/2+(x(3)*(x(3)^2+x(4)^2))/1000000)/((x(3)^2+x(4)^2)^2/1000000+(x(3)+x(4))^2)^(1/2)+(x(3)/2-x(4)/2+(x(3)*(x(3)^2+x(4)^2))/1000000)/((x(3)-x(4))^2+(x(3)^2+x(4)^2)^2/1000000)^(1/2))*(((x(3)^2+x(4)^2)^2/1000000+(x(3)+x(4))^2)^(1/2)/2+((x(3)-x(4))^2+(x(3)^2+x(4)^2)^2/1000000)^(1/2)/2))/(2*(((x(3)^2+x(4)^2)^2/1000000+(x(3)+x(4))^2)^(1/2)/2+((x(3)-x(4))^2+(x(3)^2+x(4)^2)^2/1000000)^(1/2)/2)^2+2*x(4)^2)^(3/2))+x(5)*x(8)*((2*((x(3)/2+x(4)/2+(x(3)*(x(3)^2+x(4)^2))/1000000)/((x(3)^2+x(4)^2)^2/1000000+(x(3)+x(4))^2)^(1/2)+(x(3)/2-x(4)/2+(x(3)*(x(3)^2+x(4)^2))/1000000)/((x(3)-x(4))^2+(x(3)^2+x(4)^2)^2/1000000)^(1/2))^2)/(2*(((x(3)^2+x(4)^2)^2/1000000+(x(3)+x(4))^2)^(1/2)/2+((x(3)-x(4))^2+(x(3)^2+x(4)^2)^2/1000000)^(1/2)/2)^2+2*x(4)^2)^(1/2)-((x(3)/2+x(4)/2+(x(3)*(x(3)^2+x(4)^2))/1000000)/((x(3)^2+x(4)^2)^2/1000000+(x(3)+x(4))^2)^(1/2)+(x(3)/2-x(4)/2+(x(3)*(x(3)^2+x(4)^2))/1000000)/((x(3)-x(4))^2+(x(3)^2+x(4)^2)^2/1000000)^(1/2))^2/((((x(3)^2+x(4)^2)^2/1000000+(x(3)+x(4))^2)^(1/2)/2+((x(3)-x(4))^2+(x(3)^2+x(4)^2)^2/1000000)^(1/2)/2)^2)^(1/2)-((((x(3)^2+x(4)^2)^2/1000000+(x(3)+x(4))^2)^(1/2)+((x(3)-x(4))^2+(x(3)^2+x(4)^2)^2/1000000)^(1/2))*((2*x(3)-2*x(4)+(x(3)*(x(3)^2+x(4)^2))/250000)^2/(8*((x(3)-x(4))^2+(x(3)^2+x(4)^2)^2/1000000)^(3/2))-((3*x(3)^2)/1000000+x(4)^2/1000000+1/2)/((x(3)^2+x(4)^2)^2/1000000+(x(3)+x(4))^2)^(1/2)-((3*x(3)^2)/1000000+x(4)^2/1000000+1/2)/((x(3)-x(4))^2+(x(3)^2+x(4)^2)^2/1000000)^(1/2)+(2*x(3)+2*x(4)+(x(3)*(x(3)^2+x(4)^2))/250000)^2/(8*((x(3)^2+x(4)^2)^2/1000000+(x(3)+x(4))^2)^(3/2))))/(2*(((x(3)^2+x(4)^2)^2/1000000+(x(3)+x(4))^2)^(1/2)/2+((x(3)-x(4))^2+(x(3)^2+x(4)^2)^2/1000000)^(1/2)/2)^2+2*x(4)^2)^(1/2)-(4*((x(3)/2+x(4)/2+(x(3)*(x(3)^2+x(4)^2))/1000000)/((x(3)^2+x(4)^2)^2/1000000+(x(3)+x(4))^2)^(1/2)+(x(3)/2-x(4)/2+(x(3)*(x(3)^2+x(4)^2))/1000000)/((x(3)-x(4))^2+(x(3)^2+x(4)^2)^2/1000000)^(1/2))^2*(((x(3)^2+x(4)^2)^2/1000000+(x(3)+x(4))^2)^(1/2)/2+((x(3)-x(4))^2+(x(3)^2+x(4)^2)^2/1000000)^(1/2)/2)^2)/(