function [r] = R(x,y)
r = [x(1)-2;
	x(2);
	y(1)-1.0738644361;
	y(2)+1.0995343576];
end