function [ry] = Ry(x,y)
ry = [0,0,0,0,0;
	0,0,0,0,0;
	1,0,0,0,0;
	0,1,0,0,0;
	0,0,2*y(3),2*y(4),0];
end